bird 0.0560 8 236 57 263
bird 0.0466 370 264 408 285
bird 0.0438 368 256 407 278
bird 0.0357 22 248 55 267
bird 0.0328 11 247 41 267
bird 0.0281 0 221 65 270
bird 0.0239 370 249 406 269
bird 0.0236 344 255 388 277
bird 0.0230 18 227 70 254
bird 0.0228 37 238 77 260
bird 0.0226 352 249 401 284
bird 0.0222 386 264 425 286
bird 0.0215 138 63 227 109
bird 0.0208 2 291 49 331
bird 0.0204 375 274 409 293
bird 0.0204 374 252 404 296
boat 0.0232 2 0 95 49
dog 0.9451 51 61 278 291
horse 0.0937 51 39 293 294
person 0.0386 359 130 391 176
person 0.0373 345 128 379 175
person 0.0364 332 130 366 174
person 0.0315 372 132 406 175
person 0.0291 319 132 351 172
person 0.0253 11 122 60 191
person 0.0249 103 53 193 101
person 0.0241 304 177 336 213
person 0.0240 309 119 388 166
person 0.0239 327 114 370 156
person 0.0238 320 115 350 157
person 0.0234 289 176 326 216
person 0.0233 349 126 400 164
person 0.0231 331 163 365 198
person 0.0229 333 130 414 177
person 0.0225 1 110 40 164
person 0.0223 145 73 186 125
person 0.0222 304 105 339 152
person 0.0222 134 55 167 99
person 0.0221 342 162 381 196
person 0.0217 99 143 144 191
person 0.0215 117 48 158 91
person 0.0214 302 148 442 246
person 0.0213 147 54 181 100
person 0.0210 332 132 390 157
person 0.0207 263 157 336 213
person 0.0206 274 172 315 219
person 0.0205 312 128 360 160
person 0.0205 307 125 339 162
person 0.0202 7 107 16 166
person 0.0201 269 101 344 152
person 0.0200 6 125 18 189
