aeroplane 0.1277 99 61 139 91
aeroplane 0.0791 80 46 147 100
aeroplane 0.0781 85 68 131 91
aeroplane 0.0777 113 55 149 90
aeroplane 0.0625 10 143 52 185
aeroplane 0.0533 5 140 64 206
aeroplane 0.0341 117 8 179 81
aeroplane 0.0335 87 75 123 94
aeroplane 0.0276 106 40 156 106
aeroplane 0.0274 101 73 132 93
aeroplane 0.0251 79 110 144 177
aeroplane 0.0224 3 153 39 200
aeroplane 0.0220 111 50 137 70
bicycle 0.0261 174 369 303 494
bicycle 0.0229 168 423 285 495
boat 0.0308 283 102 319 128
boat 0.0279 7 126 37 192
boat 0.0230 295 97 333 141
boat 0.0213 119 5 176 72
bus 0.0235 141 209 164 281
car 0.0502 148 207 209 297
car 0.0396 3 197 19 225
car 0.0360 123 284 145 306
car 0.0333 2 206 17 240
car 0.0269 0 147 22 206
car 0.0261 12 197 27 217
car 0.0250 53 149 89 179
car 0.0247 83 174 130 205
car 0.0247 12 203 29 224
car 0.0211 286 245 325 279
car 0.0201 97 276 122 309
chair 0.0288 143 268 164 304
chair 0.0244 15 369 67 448
chair 0.0225 130 275 159 314
chair 0.0203 201 263 245 324
cow 0.0234 33 317 69 351
person 0.0387 181 194 202 246
person 0.0345 5 227 9 288
person 0.0327 150 200 174 271
person 0.0314 324 204 330 294
person 0.0311 171 199 188 248
person 0.0305 179 193 206 220
person 0.0299 160 202 182 272
person 0.0291 167 204 190 268
person 0.0281 141 202 165 277
person 0.0275 323 409 330 493
person 0.0265 6 143 12 223
person 0.0265 309 409 333 484
person 0.0263 187 189 209 244
person 0.0262 0 147 22 206
person 0.0249 309 0 333 89
person 0.0236 310 194 334 274
person 0.0232 298 408 327 486
person 0.0223 129 245 141 301
person 0.0219 312 7 333 163
person 0.0217 315 203 329 257
person 0.0212 196 17 242 139
person 0.0211 99 161 119 224
person 0.0211 59 153 74 185
person 0.0207 3 248 9 317
person 0.0207 20 349 40 398
person 0.0206 57 179 73 211
person 0.0206 292 148 314 184
person 0.0201 3 0 25 96
person 0.0200 11 196 23 219
pottedplant 0.2281 202 236 228 297
pottedplant 0.0615 212 253 230 301
pottedplant 0.0604 274 168 331 251
pottedplant 0.0569 296 259 324 329
pottedplant 0.0568 200 241 220 279
pottedplant 0.0487 290 247 331 315
pottedplant 0.0453 84 223 132 307
pottedplant 0.0444 234 182 247 247
pottedplant 0.0402 199 242 239 311
pottedplant 0.0402 204 263 225 295
pottedplant 0.0360 95 249 123 314
pottedplant 0.0350 287 116 332 185
pottedplant 0.0341 208 276 238 315
pottedplant 0.0333 243 178 257 248
pottedplant 0.0317 284 163 324 192
pottedplant 0.0315 209 288 241 329
pottedplant 0.0298 292 170 329 233
pottedplant 0.0290 220 222 229 240
pottedplant 0.0290 217 321 268 408
pottedplant 0.0287 202 282 249 343
pottedplant 0.0285 108 252 126 309
pottedplant 0.0282 209 289 259 364
pottedplant 0.0280 197 224 223 276
pottedplant 0.0279 292 238 316 296
pottedplant 0.0277 294 135 321 170
pottedplant 0.0274 227 176 239 248
pottedplant 0.0267 281 226 326 298
pottedplant 0.0261 263 215 305 294
pottedplant 0.0245 231 218 246 239
pottedplant 0.0244 203 202 214 228
pottedplant 0.0241 200 269 229 310
pottedplant 0.0240 107 229 128 295
pottedplant 0.0235 228 208 240 249
pottedplant 0.0234 228 222 239 264
pottedplant 0.0230 205 232 224 263
pottedplant 0.0228 213 235 226 256
pottedplant 0.0224 277 155 327 214
pottedplant 0.0223 199 202 216 256
pottedplant 0.0222 272 224 295 294
pottedplant 0.0217 207 218 219 239
pottedplant 0.0217 207 225 232 272
pottedplant 0.0216 238 187 262 238
pottedplant 0.0210 219 187 231 245
pottedplant 0.0206 296 255 324 293
pottedplant 0.0200 233 2 279 42
sheep 0.0439 40 252 52 286
sheep 0.0381 24 249 45 270
sheep 0.0368 34 313 62 356
sheep 0.0311 29 257 47 280
sheep 0.0254 37 248 52 274
sheep 0.0242 2 232 13 265
sheep 0.0236 11 245 24 267
sheep 0.0223 13 247 33 266
train 0.9989 139 193 206 303
train 0.1292 8 166 166 287
train 0.0649 178 161 329 299
train 0.0517 7 125 192 233
train 0.0510 12 179 118 343
train 0.0459 45 163 224 304
train 0.0453 110 168 293 308
train 0.0437 7 166 128 224
train 0.0375 230 175 330 341
train 0.0366 138 194 181 276
train 0.0318 46 166 170 217
train 0.0305 150 192 267 346
train 0.0293 134 115 307 253
train 0.0285 141 217 163 289
train 0.0284 9 191 124 254
train 0.0279 176 220 202 287
train 0.0272 33 205 148 312
train 0.0265 185 90 307 448
train 0.0258 4 48 205 260
train 0.0250 6 143 131 201
train 0.0250 266 149 321 306
train 0.0240 194 198 231 300
train 0.0239 192 184 282 304
train 0.0231 56 191 170 252
train 0.0228 135 145 333 389
train 0.0228 184 168 297 226
train 0.0227 60 189 183 332
train 0.0223 1 135 204 370
train 0.0207 201 192 316 261
train 0.0205 166 196 217 305
train 0.0204 143 243 323 489
