bicycle 0.0929 95 168 176 208
bottle 0.0553 331 41 364 100
bottle 0.0376 342 51 372 99
bottle 0.0279 323 69 377 98
bottle 0.0276 324 46 392 103
bottle 0.0247 320 58 353 98
bottle 0.0220 395 120 431 159
cat 0.9693 89 102 315 217
cat 0.0658 226 101 309 169
cat 0.0290 259 107 303 157
cat 0.0286 67 119 225 206
cat 0.0213 97 171 174 210
cat 0.0202 217 107 356 211
chair 0.9250 7 117 323 326
chair 0.9175 16 17 442 314
chair 0.1760 81 47 347 277
chair 0.1617 28 156 420 282
chair 0.1339 262 0 455 320
chair 0.0958 27 100 178 315
chair 0.0673 346 10 486 192
chair 0.0589 429 22 499 176
chair 0.0553 461 10 491 160
chair 0.0548 389 35 460 180
chair 0.0543 445 107 467 169
chair 0.0531 0 211 148 333
chair 0.0524 409 14 472 210
chair 0.0492 453 52 487 170
chair 0.0468 241 268 319 329
chair 0.0422 85 151 261 322
chair 0.0391 29 129 248 261
chair 0.0382 167 0 495 237
chair 0.0381 442 36 485 122
chair 0.0374 321 48 462 168
chair 0.0353 368 52 450 228
chair 0.0340 427 73 480 183
chair 0.0337 463 70 490 220
chair 0.0324 0 204 74 333
chair 0.0313 91 103 314 231
chair 0.0311 247 26 291 65
chair 0.0310 422 24 480 137
chair 0.0307 152 283 229 330
chair 0.0302 436 109 475 155
chair 0.0300 356 23 450 134
chair 0.0299 321 172 352 222
chair 0.0293 445 103 485 189
chair 0.0290 248 46 295 86
chair 0.0289 351 19 416 80
chair 0.0285 0 168 148 292
chair 0.0284 454 108 482 160
chair 0.0278 263 34 308 77
chair 0.0272 7 194 37 333
chair 0.0269 452 4 490 102
chair 0.0267 278 63 345 118
chair 0.0261 270 269 341 331
chair 0.0257 404 157 460 213
chair 0.0252 419 1 499 106
chair 0.0249 402 45 484 111
chair 0.0245 449 76 490 140
chair 0.0239 131 281 320 328
chair 0.0234 279 60 322 105
chair 0.0231 20 149 93 333
chair 0.0227 433 91 491 222
chair 0.0226 333 33 462 286
chair 0.0220 414 66 477 275
chair 0.0218 378 93 417 144
chair 0.0215 296 51 335 94
chair 0.0215 249 30 315 98
chair 0.0212 67 305 182 333
chair 0.0212 351 145 437 212
chair 0.0211 295 164 366 228
chair 0.0211 273 90 475 200
chair 0.0206 67 297 167 325
chair 0.0205 189 66 410 228
chair 0.0204 81 4 145 45
chair 0.0202 262 274 305 327
diningtable 0.0943 0 0 462 327
diningtable 0.0449 33 106 385 319
diningtable 0.0223 276 211 456 302
diningtable 0.0213 210 243 471 333
dog 0.3351 100 104 317 215
dog 0.1363 228 120 307 191
dog 0.0396 255 124 301 171
dog 0.0267 249 121 329 180
motorbike 0.1163 100 170 177 209
person 0.0662 128 0 474 275
person 0.0618 213 249 247 291
person 0.0616 344 13 491 83
person 0.0599 308 17 476 150
person 0.0592 238 239 273 282
person 0.0589 225 248 259 291
person 0.0507 202 251 233 290
person 0.0471 99 239 147 281
person 0.0463 313 3 444 72
person 0.0448 190 251 219 290
person 0.0444 251 237 283 281
person 0.0439 169 229 210 271
person 0.0437 95 245 128 288
person 0.0424 108 245 140 290
person 0.0399 321 21 392 85
person 0.0388 177 250 205 290
person 0.0387 406 4 494 64
person 0.0377 401 17 473 88
person 0.0376 183 229 225 271
person 0.0371 196 71 261 120
person 0.0368 83 238 114 279
person 0.0364 370 16 443 85
person 0.0356 462 4 492 123
person 0.0355 155 237 200 279
person 0.0352 428 17 494 90
person 0.0348 121 245 152 292
person 0.0345 139 228 187 273
person 0.0344 29 205 60 225
person 0.0341 157 81 224 127
person 0.0336 196 239 239 278
person 0.0332 461 0 493 63
person 0.0330 368 8 447 53
person 0.0328 173 68 234 120
person 0.0324 341 0 477 51
person 0.0321 164 249 192 291
person 0.0307 195 74 236 111
person 0.0304 255 0 476 93
person 0.0302 125 236 174 281
person 0.0299 172 254 258 303
person 0.0296 354 7 495 32
person 0.0296 111 229 160 272
person 0.0292 340 8 416 99
person 0.0286 29 196 61 215
person 0.0285 187 72 220 115
person 0.0284 85 231 133 273
person 0.0282 312 36 458 103
person 0.0282 186 54 245 112
person 0.0280 150 247 178 295
person 0.0280 136 245 165 294
person 0.0279 68 102 133 160
person 0.0278 155 221 226 280
person 0.0277 361 9 458 134
person 0.0273 340 10 417 55
person 0.0272 37 214 73 234
person 0.0269 148 95 181 123
person 0.0266 12 185 80 244
person 0.0266 298 20 368 81
person 0.0260 297 54 327 103
person 0.0258 132 83 197 125
person 0.0258 108 101 140 140
person 0.0257 191 242 269 292
person 0.0255 407 22 477 145
person 0.0255 266 236 298 279
person 0.0254 108 239 156 262
person 0.0254 213 73 246 115
person 0.0252 83 85 140 137
person 0.0252 202 262 254 294
person 0.0249 123 95 153 126
person 0.0246 56 112 90 161
person 0.0246 219 240 264 277
person 0.0246 136 86 168 117
person 0.0244 427 115 457 183
person 0.0242 358 28 411 73
person 0.0242 171 45 233 102
person 0.0239 96 103 128 154
person 0.0239 169 73 209 111
person 0.0235 44 7 75 43
person 0.0234 22 196 62 234
person 0.0234 40 205 77 224
person 0.0234 261 3 305 18
person 0.0234 123 220 200 281
person 0.0231 201 44 259 102
person 0.0230 214 59 275 111
person 0.0228 83 231 166 284
person 0.0227 377 73 419 116
person 0.0226 209 230 255 271
person 0.0221 273 100 363 183
person 0.0219 364 49 490 191
person 0.0219 282 47 313 114
person 0.0217 24 213 59 236
person 0.0215 57 7 89 43
person 0.0215 256 128 483 333
person 0.0213 68 237 102 279
person 0.0213 29 7 62 43
person 0.0210 438 0 483 52
person 0.0210 58 92 88 146
person 0.0209 159 94 197 124
person 0.0207 6 82 15 148
person 0.0206 156 75 196 109
person 0.0205 184 269 223 307
person 0.0205 98 77 153 125
person 0.0203 283 0 401 54
person 0.0203 176 81 227 104
person 0.0203 292 0 444 248
person 0.0202 274 0 323 31
person 0.0201 252 2 316 11
person 0.0201 33 206 76 242
person 0.0200 118 86 156 116
sofa 0.0269 5 0 453 329
