aeroplane 0.0362 275 72 307 124
bicycle 0.9903 87 110 361 349
boat 0.0249 274 73 300 123
car 0.0232 72 192 119 212
car 0.0217 432 259 492 324
chair 0.1247 152 134 227 194
chair 0.0692 135 133 195 192
chair 0.0603 146 134 182 175
chair 0.0469 175 135 258 201
chair 0.0452 76 199 157 270
chair 0.0375 192 230 265 319
chair 0.0351 125 142 178 187
chair 0.0327 137 133 176 161
chair 0.0302 145 134 183 153
chair 0.0261 66 217 143 300
chair 0.0255 122 128 162 158
chair 0.0253 129 225 194 295
chair 0.0232 82 208 148 244
chair 0.0219 179 135 229 174
chair 0.0213 162 229 190 295
chair 0.0212 117 153 178 208
chair 0.0212 193 140 237 189
chair 0.0211 197 238 234 314
chair 0.0210 374 205 486 262
chair 0.0209 150 222 180 286
chair 0.0206 128 136 157 170
motorbike 0.0723 76 96 379 346
person 0.0586 267 132 313 211
person 0.0472 194 107 255 221
person 0.0472 434 28 490 167
person 0.0464 466 14 494 185
person 0.0458 7 207 16 284
person 0.0390 39 89 88 225
person 0.0373 271 73 324 215
person 0.0371 168 108 227 221
person 0.0367 66 96 119 215
person 0.0346 64 43 118 174
person 0.0334 87 102 146 214
person 0.0333 187 177 218 228
person 0.0332 407 14 466 136
person 0.0330 225 99 282 224
person 0.0326 39 42 89 183
person 0.0311 14 88 60 240
person 0.0296 191 254 220 319
person 0.0295 7 180 14 231
person 0.0288 173 175 207 228
person 0.0285 293 131 321 202
person 0.0280 168 85 289 297
person 0.0276 253 100 313 244
person 0.0272 198 58 258 170
person 0.0271 201 181 230 229
person 0.0265 427 6 496 107
person 0.0261 468 52 490 248
person 0.0254 189 154 253 306
person 0.0251 251 62 308 187
person 0.0251 7 121 16 198
person 0.0249 462 0 496 70
person 0.0247 484 263 491 329
person 0.0246 176 195 230 232
person 0.0245 88 47 148 169
person 0.0241 249 28 305 134
person 0.0237 8 160 15 214
person 0.0236 217 137 279 293
person 0.0230 274 24 330 133
person 0.0229 222 60 283 174
person 0.0225 442 261 469 310
person 0.0225 428 258 452 311
person 0.0222 404 0 465 62
person 0.0217 292 0 364 50
person 0.0216 328 32 379 156
person 0.0215 179 260 206 311
person 0.0213 483 286 492 367
person 0.0213 14 44 63 188
person 0.0213 143 106 199 215
person 0.0212 182 148 259 208
person 0.0212 301 21 356 130
person 0.0210 379 14 435 131
person 0.0210 164 192 228 215
person 0.0207 218 40 328 168
person 0.0204 6 239 15 285
person 0.0202 389 253 411 299
person 0.0201 375 252 399 302
person 0.0200 432 0 490 63
person 0.0200 325 0 384 61
person 0.0200 453 261 485 307
tvmonitor 0.0669 74 148 141 204
tvmonitor 0.0272 72 150 124 188
