bird 0.0398 172 19 241 44
bird 0.0279 26 29 82 55
bird 0.0277 171 9 235 34
bird 0.0275 333 10 405 46
bird 0.0256 172 30 244 62
bird 0.0251 183 19 264 80
bird 0.0235 21 17 93 45
bird 0.0208 280 16 365 46
bird 0.0207 19 35 121 89
bird 0.0201 223 17 325 78
boat 0.0263 40 57 123 87
car 0.0248 166 77 216 94
car 0.0246 239 20 486 70
car 0.0218 339 11 488 98
car 0.0215 17 269 70 291
cat 0.0275 390 21 492 81
cow 0.0294 330 245 419 292
dog 0.9970 48 96 469 330
dog 0.1139 141 100 367 303
dog 0.1018 354 159 470 279
dog 0.0493 53 254 203 338
dog 0.0426 248 135 464 284
dog 0.0260 48 242 313 328
dog 0.0236 1 10 79 72
dog 0.0231 93 171 417 322
dog 0.0216 56 190 225 323
dog 0.0214 269 197 388 259
dog 0.0201 56 245 134 335
person 0.0400 135 210 195 293
person 0.0339 202 116 229 173
person 0.0331 213 118 245 175
person 0.0320 170 28 242 87
person 0.0310 157 114 191 194
person 0.0308 384 23 475 82
person 0.0291 155 229 196 291
person 0.0271 171 100 208 163
person 0.0263 221 230 268 294
person 0.0253 199 19 286 78
person 0.0247 179 222 224 275
person 0.0241 154 169 182 262
person 0.0236 318 212 394 282
person 0.0232 153 96 179 168
person 0.0226 84 247 111 296
person 0.0226 97 238 125 287
person 0.0221 183 39 230 85
person 0.0219 71 258 99 305
person 0.0211 184 111 220 176
person 0.0208 159 93 196 168
person 0.0204 143 101 162 156
sheep 0.0725 374 12 461 69
sheep 0.0560 223 17 325 78
sheep 0.0466 369 11 434 37
sheep 0.0423 0 276 33 327
sheep 0.0385 323 9 410 55
sheep 0.0383 9 287 44 318
sheep 0.0352 81 3 175 54
sheep 0.0316 391 13 440 58
sheep 0.0303 167 16 245 83
sheep 0.0302 263 15 344 73
sheep 0.0292 11 278 44 303
sheep 0.0286 4 271 38 308
sheep 0.0256 9 298 49 328
sheep 0.0247 5 276 16 334
sheep 0.0239 13 268 46 293
sheep 0.0213 84 5 166 28
sheep 0.0206 422 3 495 64
sheep 0.0205 345 314 379 355
sheep 0.0202 66 7 155 40
